1078
1052
1156
1118
1025
5121
15361
3073
2049
11265
13313
12289
4097
6145
8193
16385
10241
7169
14337
9217
1067
1101
2092
1068
1133
1069
1059
1093
2117
5146
1150
1026
1109
1027
1116
2052
4100
1028
3076
5124
1155
1050
4122
1029
1030
1164
1125
1043
2067
1126
1033
2057
3081
10249
4105
9225
15369
16393
14345
6153
8201
17417
5129
13321
18441
7177
11273
12297
1061
1080
1065
1124
1035
1036
2060
11276
3084
9228
12300
15372
5132
13324
6156
14348
58380
8204
10252
4108
7180
1122
1127
1071
1110
1079
1031
3079
5127
4103
2055
1032
1135
1140
1095
1128
1141
1037
1081
1038
1129
1039
1136
1057
1117
2108
1040
2064
1041
1158
1099
1137
2144
1120
1087
1107
1159
1111
1042
1088
1108
1142
1062
1063
1134
1086
2110
1100
1082
1112
1153
1146
1102
1148
1104
2128
1121
2145
1044
2068
1154
1096
1138
1145
1123
1045
1046
2070
1094
2118
1131
2155
3179
1047
1048
2072
1049
2073
1083
1103
1084
1132
3098
2074
1113
2137
1115
1051
1060
1143
1070
3082
1034
11274
16394
13322
9226
5130
7178
12298
17418
4106
18442
22538
2058
19466
6154
15370
10250
20490
21514
14346
8202
1072
1089
1053
2077
1114
1064
1119
2143
1097
1092
1098
1054
2129
1105
2163
1139
1073
1074
1055
1090
1152
1058
1056
2080
2115
1091
1075
1066
1106
1160
1076
1157
1144
1085
1130
1077
